220092 968391 MNOZENIE 880140
583219 174669 MNOZENIE 3086031703
721914 72244 DZIELENIE 9
625170 96228 ODEJMOWANIE 528942
515177 632028 DZIELENIE 0
902765 206094 MNOZENIE 1370856182
631969 991412 MODULO 631969
918036 121409 MODULO 68173
870672 943023 MNOZENIE 724967920
945481 770070 DODAWANIE 1715551
192267 327942 MODULO 531621
562159 537904 MNOZENIE 1739864016
204420 516862 DZIELENIE 0
327395 731176 MODULO 327395
279952 701274 ODEJMOWANIE 4294545974
135817 826290 MODULO 135817
349114 544537 MODULO 349114
547055 175584 MODULO 20303
329647 714309 DZIELENIE 0
130851 710684 DODAWANIE 841535
244945 627228 DZIELENIE 0
245065 447112 MNOZENIE 2197319880
458014 985639 DODAWANIE 682826
719080 565374 MODULO 153706
255111 75441 ODEJMOWANIE 179670
250204 69564 DODAWANIE 319768
531470 689317 MNOZENIE 718963
765734 2042 DZIELENIE 374
83216 893258 MNOZENIE 1318913696
238228 110257 DZIELENIE 2
150645 330222 DODAWANIE 480867
474657 646177 DZIELENIE 889117
123076 381562 ODEJMOWANIE 4294708810
83964 144278 DODAWANIE 228242
533253 204144 ODEJMOWANIE 329109
709342 561367 DZIELENIE 1
304291 659407 MNOZENIE 3083119821
990559 516409 DODAWANIE 1506968
980454 318203 MODULO 25845
577123 600104 DODAWANIE 1177227
57258 739353 MODULO 57258
183864 705897 MODULO 183864
11503 754788 DODAWANIE 418838
175586 681711 MODULO 175586
195713 957260 MNOZENIE 2664632652
684242 580223 DZIELENIE 1
186797 289245 ODEJMOWANIE 4294864848
342855 511507 MODULO 342855
147075 627149 DZIELENIE 0
55283 102108 DZIELENIE 0
203112 143075 DODAWANIE 346187
146016 431476 MODULO 146016
698722 424902 MODULO 273820
930919 68461 DODAWANIE 999380
443273 117189 DZIELENIE 3
210776 365919 MODULO 210776
838708 921299 DODAWANIE 1760007
242615 955278 MODULO 242615
582590 974306 DZIELENIE 0
379785 127233 ODEJMOWANIE 252552
434597 377999 ODEJMOWANIE 56598
493228 220799 DODAWANIE 714027
96106 841885 DZIELENIE 0
392367 680444 MODULO 392367
528271 601351 ODEJMOWANIE 4294894216
838491 348875 ODEJMOWANIE 489616
463716 577037 ODEJMOWANIE 4294853975
616596 126060 DODAWANIE 742656
383110 85911 DZIELENIE 299869
265133 677042 ODEJMOWANIE 4294555387
866045 965246 MODULO 866045
948540 830544 ODEJMOWANIE 117996
880739 442495 MODULO 438244
576456 504783 MODULO 71673
157817 369446 DODAWANIE 527263
454678 419849 MODULO 852407
222296 695714 MNOZENIE 35616688
519451 704331 DZIELENIE 0
234555 529280 MODULO 234555
240287 677971 MODULO 240287
792317 20156 ODEJMOWANIE 772161
136142 276966 MODULO 136142
953048 135572 DZIELENIE 7
133355 995733 MODULO 133355
625554 505219 DZIELENIE 1
972027 225396 DODAWANIE 1197423
860973 363164 MODULO 134645
932067 61000 MODULO 813583
294075 110439 MODULO 73197
192683 79783 MNOZENIE 2487925901
904312 520212 DODAWANIE 1424524
633097 748045 DZIELENIE 0
956858 836619 DZIELENIE 1
875292 847252 ODEJMOWANIE 28040
41048 503322 ODEJMOWANIE 4294505022
502533 532029 DODAWANIE 1034562
849359 694468 MNOZENIE 1442126460
205048 536032 MODULO 205048
879695 641084 MODULO 238611
923745 98193 MODULO 40008
560462 281318 DZIELENIE 1
861012 133742 DZIELENIE 6
656541 825507 MNOZENIE 813311991
414152 1808 DZIELENIE 229
390655 800977 MNOZENIE 3668024623
367879 685116 DZIELENIE 0
827666 119462 DODAWANIE 947128
596884 881725 MODULO 596884
835633 326788 DZIELENIE 2
107873 704905 DZIELENIE 0
880512 899643 DODAWANIE 1780155
301351 638887 DODAWANIE 940238
481808 247154 DODAWANIE 857744
948976 835794 DODAWANIE 1784770
659763 218569 DZIELENIE 3
218734 64669 ODEJMOWANIE 154065
902767 571579 DZIELENIE 1
344719 241249 ODEJMOWANIE 103470
978162 804567 MNOZENIE 1017850686
299203 26211 DZIELENIE 11
716931 341263 DODAWANIE 1058194
302397 944275 DODAWANIE 1246672
330524 576819 ODEJMOWANIE 4294721001
959272 542555 MODULO 416717
514191 963435 DODAWANIE 1477626
284346 404389 MNOZENIE 3317244898
347061 744349 MNOZENIE 636470529
602470 458269 DODAWANIE 1060739
166578 115709 DZIELENIE 1
957052 818132 DZIELENIE 1
292067 969774 MNOZENIE 4066108618
438096 546313 DODAWANIE 984409
639076 828603 DODAWANIE 1467679
184118 469414 MODULO 184118
484282 909418 MNOZENIE 2328103684
668323 188580 MNOZENIE 1478299756
116154 111584 MNOZENIE 76026048
3904 775920 DZIELENIE 197284
536189 411113 ODEJMOWANIE 125076
448025 237682 MODULO 210343
468414 289466 MNOZENIE 2445940748
915835 211515 DODAWANIE 1127350
615703 337581 MNOZENIE 1691204235
970363 121939 DZIELENIE 6306
732453 659701 DODAWANIE 1392154
506209 294780 MODULO 53904
553401 760481 MODULO 562794
859046 759119 MODULO 99927
145100 46371 DODAWANIE 191471
773125 843179 DODAWANIE 1616304
335904 161785 ODEJMOWANIE 85055
84717 836463 ODEJMOWANIE 4294215550
139710 441541 ODEJMOWANIE 4294665465
194300 264525 MNOZENIE 4152567244
252475 172638 MNOZENIE 637106090
462400 269970 DZIELENIE 1
979478 962914 DZIELENIE 1
36779 167810 MNOZENIE 657854
936024 137461 ODEJMOWANIE 798563
164065 896639 ODEJMOWANIE 4294234722
462324 697885 MNOZENIE 526437540
75635 584929 DZIELENIE 0
61117 845119 DZIELENIE 0
88211 689704 MNOZENIE 709937400
317301 880078 MNOZENIE 51494
958564 349881 DZIELENIE 2
671391 226953 MNOZENIE 2050346263
290448 31077 DZIELENIE 554250
878590 922139 ODEJMOWANIE 4294923747
990951 999380 DZIELENIE 0
552320 93595 ODEJMOWANIE 458725
155356 441701 MNOZENIE 4196391116
118884 256940 MNOZENIE 481283888
944567 797951 MNOZENIE 94331
437925 459510 MODULO 437925
142435 978449 DODAWANIE 1120884
739685 693898 DODAWANIE 1433583
130605 636150 ODEJMOWANIE 4294461751
509438 886317 DODAWANIE 1395755
317607 758931 DODAWANIE 1076538
598939 835277 MODULO 598939
664580 675237 MNOZENIE 2072406676
348951 38985 DODAWANIE 387936
691812 475497 MNOZENIE 2537016068
610796 471663 DODAWANIE 1082459
658629 144157 MNOZENIE 456700241
709063 762689 DODAWANIE 1471752
343101 38605 MODULO 34261
103494 630500 MNOZENIE 828457560
444374 875849 MODULO 444374
169657 687893 ODEJMOWANIE 4294449060
35339 333137 ODEJMOWANIE 4294669498
244856 819306 ODEJMOWANIE 896917
783665 917326 DZIELENIE 0
633638 782016 MNOZENIE 1593815168
19812 230968 MODULO 19812
526409 888192 MODULO 526409
822055 137081 MODULO 136650
460432 545475 DODAWANIE 1005907
106676 550953 DODAWANIE 657629
508463 446088 ODEJMOWANIE 62375
612411 89316 DZIELENIE 6
87037 593834 MNOZENIE 462443
94 626576 ODEJMOWANIE 4294340814
298874 73996 DZIELENIE 4
665820 432609 DODAWANIE 1098429
833135 778140 DZIELENIE 1
903165 46029 DZIELENIE 19
21922 30833 DODAWANIE 52755
30449 304699 DZIELENIE 0
182015 706791 MODULO 182015
45603 889470 ODEJMOWANIE 4294123429
635109 20979 DZIELENIE 30
307718 999078 DODAWANIE 1306796
349534 375337 MODULO 349534
400949 684141 DODAWANIE 1085090
155718 7727 MNOZENIE 1203232986
689013 849211 MNOZENIE 1001866487
368703 376725 MNOZENIE 1460684203
644882 347936 DODAWANIE 992818
954300 442307 DZIELENIE 2
347484 932037 DODAWANIE 1279521
159140 98440 DODAWANIE 257580
477254 326475 DODAWANIE 803729
569227 406448 MNOZENIE 3727909008
259968 181992 DODAWANIE 441960
449289 786123 DZIELENIE 0
293019 968605 ODEJMOWANIE 4294291710
101694 672940 MNOZENIE 4009450920
151389 286662 DZIELENIE 0
153409 893706 DZIELENIE 0
617950 266134 DZIELENIE 2
418923 193999 MODULO 30925
702566 626184 DODAWANIE 1328750
922783 348344 MODULO 226095
537255 697460 MODULO 537255
444586 686725 DZIELENIE 0
56815 473021 MNOZENIE 1104884339
981624 95773 MNOZENIE 3818762136
676998 497062 ODEJMOWANIE 179936
858694 226451 MNOZENIE 1178586674
140202 376389 ODEJMOWANIE 4294731109
981324 745214 MODULO 662920
452015 341631 MNOZENIE 4098481105
87561 505509 DODAWANIE 593070
714253 449284 DZIELENIE 1
498856 581906 ODEJMOWANIE 4294884246
789105 675461 MNOZENIE 433707701
420733 591532 ODEJMOWANIE 771717
926246 609956 MODULO 316290
588173 648440 MNOZENIE 3437778072
48689 117625 ODEJMOWANIE 4294898360
852993 168959 MODULO 8198
571158 342100 DZIELENIE 1
110805 649333 ODEJMOWANIE 4294428768
539483 417626 MODULO 121857
369040 222130 MODULO 146910
643629 104885 MNOZENIE 3082518225
276621 935847 MNOZENIE 1176895227
790563 642265 DODAWANIE 1432828
578823 874621 ODEJMOWANIE 4294671498
584808 553469 ODEJMOWANIE 31339
766842 216608 DZIELENIE 3
351837 997042 DZIELENIE 0
621371 531359 DZIELENIE 1
503848 408927 MODULO 94921
233482 696781 ODEJMOWANIE 4294503997
754870 166657 DODAWANIE 921527
32806 89118 DZIELENIE 0
626469 320929 DODAWANIE 293115
111001 15944 MODULO 15337
972949 362508 MODULO 247933
910881 361809 DZIELENIE 2
259488 481936 DZIELENIE 0
621540 118836 MODULO 967426
421082 601963 ODEJMOWANIE 4294786415
701105 523188 DODAWANIE 1224293
805857 330342 DZIELENIE 2
730793 890760 ODEJMOWANIE 4294807329
178346 26952 MODULO 16634
869602 22703 MNOZENIE 2562705022
263624 767076 DZIELENIE 0
314203 187162 MNOZENIE 2972287038
16980 796879 DZIELENIE 0
961187 712051 DODAWANIE 1673238
115555 34356 DODAWANIE 149911
497880 197621 ODEJMOWANIE 300259
948934 29240 DZIELENIE 32
62785 372173 MNOZENIE 1892045325
438080 29218 MNOZENIE 4209886848
447272 852861 MNOZENIE 3503723144
476651 906881 MODULO 476651
230668 229932 DODAWANIE 460600
98664 572473 DZIELENIE 0
757495 267219 MODULO 223057
314514 578063 MODULO 314514
852099 864560 MODULO 852099
780070 116033 MODULO 83872
914122 439645 MODULO 34832
408137 681368 DODAWANIE 1089505
832076 476905 DZIELENIE 1
480161 663148 MODULO 480161
50649 42508 MODULO 8141
936916 101115 MNOZENIE 188132
698778 652651 MODULO 46127
720226 270920 DODAWANIE 991146
330605 421485 MODULO 330605
271357 716471 MNOZENIE 1145892827
292811 328318 DZIELENIE 0
911982 774608 DODAWANIE 1686590
289055 810201 MODULO 289055
375902 396312 DODAWANIE 772214
288515 128932 DZIELENIE 2
10934 93537 DZIELENIE 0
17094 754271 DODAWANIE 771365
227273 505549 MNOZENIE 3228488181
68888 952429 ODEJMOWANIE 4294083755
694762 587555 DODAWANIE 1282317
651114 103921 MNOZENIE 3239908554
451587 284209 DODAWANIE 735796
269420 776674 MODULO 356060
737242 440610 DZIELENIE 1
787999 811759 DZIELENIE 0
286326 389749 DZIELENIE 0
993763 124568 MNOZENIE 3531985096
768514 466487 ODEJMOWANIE 302027
437117 96508 MODULO 51085
731013 59420 DZIELENIE 185267
35119 135213 MODULO 35119
490691 761552 MODULO 490691
267815 122427 MODULO 22961
576199 443248 MNOZENIE 1995983888
382201 557987 DZIELENIE 0
659693 792889 MODULO 659693
782147 658502 MODULO 123645
292594 456052 MNOZENIE 294092712
855905 19094 ODEJMOWANIE 836811
424826 90778 MODULO 61714
566062 795361 DZIELENIE 0
88591 839167 MNOZENIE 1328199665
399519 394806 MODULO 4713
937799 861286 MODULO 76513
203047 483202 MODULO 203047
767400 669663 DODAWANIE 1437063
289130 438736 ODEJMOWANIE 4294817690
511547 521973 DZIELENIE 0
247726 179545 DODAWANIE 427271
136745 57762 MNOZENIE 3603697394
319848 884112 DZIELENIE 0
86205 123682 DZIELENIE 0
788967 547582 ODEJMOWANIE 241385
766697 892781 MODULO 766697
72567 72561 DODAWANIE 145128
282357 268195 MNOZENIE 2712291583
606866 770084 DODAWANIE 1376950
55641 55673 MODULO 314046
983659 231908 MNOZENIE 485124684
511589 169697 ODEJMOWANIE 341892
595812 160071 MODULO 115599
531086 389237 MODULO 141849
913852 576112 ODEJMOWANIE 337740
404834 285061 MNOZENIE 3733235178
611824 976847 DZIELENIE 0
144305 657994 DODAWANIE 802299
74952 45797 DODAWANIE 120749
967941 972823 DODAWANIE 1940764
53518 264425 MODULO 53518
912342 495579 DZIELENIE 1
858160 493955 DODAWANIE 1352115
739910 286568 ODEJMOWANIE 453342
266195 762801 MODULO 266195
330853 697722 DZIELENIE 0
248319 789669 MNOZENIE 2816288091
426929 699683 MNOZENIE 2362220083
817313 410676 ODEJMOWANIE 406637
834900 66744 ODEJMOWANIE 768156
464467 266689 MNOZENIE 3609155475
453822 579944 DODAWANIE 1033766
431924 571269 MNOZENIE 1931655684
494092 845175 MNOZENIE 982378388
485558 274625 MNOZENIE 202379574
422846 403744 MODULO 19102
35791 903796 MNOZENIE 2282991564
606564 156381 DODAWANIE 762945
58325 234166 MODULO 58325
777609 380010 MNOZENIE 3441419962
543661 724385 MODULO 543661
617995 937035 MNOZENIE 3557327161
341009 317911 DODAWANIE 658920
442404 15960 DODAWANIE 458364
888205 240704 MODULO 166093
925568 483339 ODEJMOWANIE 442229
207503 602917 DODAWANIE 810420
845475 914343 DODAWANIE 933945
801501 776707 DZIELENIE 1
407680 415688 ODEJMOWANIE 4294959288
710515 37173 DZIELENIE 19
174149 856963 DZIELENIE 0
710799 97927 DZIELENIE 7
991734 137789 MNOZENIE 204197
127396 850469 DZIELENIE 0
650790 623859 DZIELENIE 1
788536 463642 DZIELENIE 1
531585 344995 MODULO 186590
72868 955598 ODEJMOWANIE 325592
995213 753625 MODULO 241588
313612 104390 MNOZENIE 2673185608
915887 246465 MODULO 176492
215817 101125 MNOZENIE 349657645
606821 493794 DZIELENIE 1
741322 90470 ODEJMOWANIE 650852
3224 194694 ODEJMOWANIE 4294775826
454253 319266 DODAWANIE 773519
82122 289456 MODULO 82122
316613 937721 MNOZENIE 541915549
69693 870242 MODULO 717555
351562 126267 ODEJMOWANIE 142955
147359 434032 MNOZENIE 3828979344
833693 95366 DZIELENIE 8
231196 984965 ODEJMOWANIE 4294213527
321521 583150 ODEJMOWANIE 4294705667
944914 515055 MODULO 429859
61198 256250 DODAWANIE 669162
675073 190136 MNOZENIE 3801628344
644765 733522 DZIELENIE 0
762219 136826 DODAWANIE 899045
677888 734371 MODULO 677888
678602 619476 DODAWANIE 573801
353427 475831 MNOZENIE 667798293
677211 694027 DODAWANIE 1371238
159573 639073 MNOZENIE 3194548021
289649 297441 DODAWANIE 587090
647974 202118 MODULO 41620
849688 555124 MODULO 294564
722916 280054 MNOZENIE 592054552
399725 114940 ODEJMOWANIE 284785
844630 720735 MODULO 123895
110312 647850 DODAWANIE 758162
51278 204983 ODEJMOWANIE 4294813591
844761 2046 MNOZENIE 1728381006
397432 820868 DODAWANIE 1218300
294542 802036 MNOZENIE 10086232
309334 446289 DODAWANIE 755623
928825 755130 DODAWANIE 1683955
58330 993602 MNOZENIE 2122229812
970046 608806 MODULO 500538
104344 387180 MNOZENIE 1745204256
365764 945092 ODEJMOWANIE 4294387968
736542 703834 DODAWANIE 1440376
476958 489773 MNOZENIE 1672916550
26621 845123 MNOZENIE 1023182903
685440 630306 ODEJMOWANIE 55134
782017 997999 ODEJMOWANIE 4294751314
949584 349423 MODULO 250738
408091 153130 DODAWANIE 561221
736720 582298 DODAWANIE 440003
13105 517807 DZIELENIE 0
54973 593244 DODAWANIE 930349
457279 298976 ODEJMOWANIE 158303
160360 423303 DZIELENIE 0
969268 255406 ODEJMOWANIE 1210
234443 130013 MODULO 104430
157587 917400 MNOZENIE 2836393032
340299 456029 DODAWANIE 796328
489846 44536 DODAWANIE 534382
642645 489986 DODAWANIE 1132631
644137 547025 ODEJMOWANIE 666437
304826 526721 ODEJMOWANIE 70192
293725 371885 ODEJMOWANIE 4294889136
491647 274776 MNOZENIE 1948809896
568087 257523 DZIELENIE 2
292861 756184 DODAWANIE 1049045
900921 497531 DZIELENIE 1
661797 964204 MODULO 661797
66034 595779 MNOZENIE 686964822
702898 368249 MNOZENIE 1143447842
597774 684533 MODULO 597774
438122 389708 MNOZENIE 3235923832
526524 406702 MNOZENIE 3684966344
172748 373178 ODEJMOWANIE 4294766866
292143 148098 DODAWANIE 440241
94456 998993 DZIELENIE 0
453749 907097 ODEJMOWANIE 4294513948
642802 627624 DZIELENIE 1
677086 34737 DZIELENIE 19
27668 491492 MNOZENIE 713698768
422097 983165 DODAWANIE 1405262
432062 564601 DODAWANIE 996663
407580 772897 ODEJMOWANIE 4294601979
634090 470521 DODAWANIE 1104611
898615 522285 DZIELENIE 1
14756 442600 DODAWANIE 457356
244717 199168 MODULO 45549
964816 130148 MNOZENIE 387475
972220 89305 ODEJMOWANIE 882915
235478 59888 MNOZENIE 1217404576
756587 68048 MNOZENIE 4239591920
270426 773132 MNOZENIE 2916564024
571018 554992 DZIELENIE 1
435948 829737 DZIELENIE 0
948343 362884 ODEJMOWANIE 585459
136404 990952 ODEJMOWANIE 4294112748
271158 345649 DZIELENIE 0
541755 539286 DZIELENIE 1
400526 513194 MODULO 295295
497744 801471 DODAWANIE 1299215
875678 386038 ODEJMOWANIE 489640
988368 281713 MNOZENIE 3558207440
636935 853468 MODULO 636935
199816 134921 DZIELENIE 1
774958 89848 MODULO 56174
140618 4057 ODEJMOWANIE 136561
589412 108955 MODULO 44637
74904 524524 MNOZENIE 634240032
796138 468542 MODULO 327596
764110 291715 MNOZENIE 3859016554
198889 744281 MODULO 198889
788345 223852 DZIELENIE 3
233086 643584 MODULO 233086
26496 987336 DZIELENIE 0
615563 968648 DODAWANIE 1584211
794822 734478 DZIELENIE 1
957465 629382 ODEJMOWANIE 328083
373446 354271 ODEJMOWANIE 86263
700770 25630 MODULO 8760
854845 374259 DZIELENIE 2
746733 327417 MNOZENIE 930931
302548 820880 DODAWANIE 1123428
925190 989387 MNOZENIE 542924482
823798 477617 ODEJMOWANIE 346181
826485 461622 ODEJMOWANIE 364863
679553 290887 DZIELENIE 2
128458 917655 MNOZENIE 1916008998
335854 183017 ODEJMOWANIE 583822
153133 438929 DZIELENIE 0
379668 940400 MODULO 379668
733019 205385 ODEJMOWANIE 527634
14680 155333 MODULO 14680
525927 600293 DZIELENIE 0
898212 110220 ODEJMOWANIE 787992
507858 11723 DZIELENIE 43
989871 968565 DODAWANIE 829468
332270 479448 DODAWANIE 811718
853943 892870 DZIELENIE 0
465979 937719 DZIELENIE 0
964903 454165 MODULO 56573
455677 104309 DZIELENIE 4
865242 839118 MNOZENIE 190663532
135846 959489 MNOZENIE 1493723814
469926 511470 DZIELENIE 0
661516 828984 MODULO 661516
919122 446690 ODEJMOWANIE 472432
861608 467132 MODULO 394476
879484 353264 MODULO 172956
660714 45714 MODULO 20718
40087 632936 DODAWANIE 673023
28709 597109 DODAWANIE 625818
883338 994445 ODEJMOWANIE 4294856189
873583 205949 DZIELENIE 4
895717 701233 MODULO 540716
368643 696854 MNOZENIE 3487278658
258518 983288 MODULO 258518
841052 324628 MODULO 191796
581444 684094 DODAWANIE 1265538
312777 257869 MNOZENIE 3346080885
643386 511232 MODULO 132154
91217 708882 DODAWANIE 800099
736760 150046 DZIELENIE 4
645677 771565 MNOZENIE 4260535465
432566 729411 ODEJMOWANIE 4294670451
746124 995675 ODEJMOWANIE 4294717745
687668 40020 DZIELENIE 486396
774900 810079 MNOZENIE 664991884
490994 769963 MODULO 490994
946610 99894 MNOZENIE 71378828
782131 823824 DODAWANIE 1605955
835415 348360 ODEJMOWANIE 487055
884483 795140 MNOZENIE 3208143372
860992 667475 ODEJMOWANIE 193517
69234 361955 ODEJMOWANIE 4294674575
271157 661292 MNOZENIE 3220295708
345870 302258 MODULO 43612
423614 109393 MODULO 95435
366302 314447 MODULO 51855
944769 822286 MODULO 122483
691619 47664 MODULO 24323
653887 657112 DODAWANIE 1310999
524422 401765 MODULO 122657
518136 76818 ODEJMOWANIE 441318
235503 309328 MODULO 235503
535374 799765 MODULO 535374
880571 423366 ODEJMOWANIE 457205
263941 14697 DZIELENIE 17
805857 53061 MNOZENIE 4104872613
811453 141943 MNOZENIE 3510923483
233092 730915 DZIELENIE 0
331606 367907 DODAWANIE 699513
846376 567888 DODAWANIE 1414264
225169 935601 MODULO 225169
437499 576381 MNOZENIE 3058007951
523350 123565 DZIELENIE 4
841816 167941 DZIELENIE 5
109261 4382 DZIELENIE 24
543708 933546 MODULO 543708
865531 589078 MODULO 276453
64643 806712 DZIELENIE 0
129210 603327 MODULO 129210
485786 205879 DZIELENIE 2
744472 938226 MNOZENIE 2698284720
615186 330793 ODEJMOWANIE 284393
38871 650116 ODEJMOWANIE 4294356051
887805 495816 MNOZENIE 2101259688
46468 712558 DZIELENIE 420052
785386 823989 DODAWANIE 1609375
509137 515065 MODULO 509137
932303 492599 ODEJMOWANIE 175056
567840 339117 DZIELENIE 615096
889371 107368 MNOZENIE 1000705016
666710 750335 MODULO 666710
700321 990292 MNOZENIE 2032549076
519888 410015 MODULO 96861
384814 294239 DODAWANIE 679053
655687 530650 DZIELENIE 1
691297 474247 MNOZENIE 1428013863
576481 458360 MODULO 118121
816219 561932 DZIELENIE 1
73727 650490 MNOZENIE 714035974
27984 531535 DODAWANIE 559519
923040 196598 DZIELENIE 4
743163 562275 DZIELENIE 1
189331 767969 ODEJMOWANIE 4294388658
800420 504827 MODULO 295593
161689 423106 MODULO 161689
883479 165381 DZIELENIE 5
716890 742419 MODULO 716890
632642 700198 DZIELENIE 0
878549 385123 MODULO 108303
670814 934889 ODEJMOWANIE 4294703221
198152 967532 ODEJMOWANIE 4294197916
555224 139921 DZIELENIE 3
833558 118651 DZIELENIE 7
13536 296269 MNOZENIE 4010297184
997843 530392 MODULO 467451
495106 961514 MODULO 495106
529336 18221 MNOZENIE 1055096664
928449 464483 DODAWANIE 1392932
643306 371649 DZIELENIE 1
373808 42729 DZIELENIE 8
303689 84930 MNOZENIE 22502994
988868 704812 MNOZENIE 1181330864
338775 921734 DZIELENIE 0
777161 986987 MODULO 777161
93427 685389 DZIELENIE 0
69793 657269 MNOZENIE 2923102357
72503 823804 DODAWANIE 896307
751839 561882 DODAWANIE 1313721
568498 229766 DZIELENIE 2
858380 682694 ODEJMOWANIE 175686
611678 93233 MODULO 52280
209784 643112 ODEJMOWANIE 4294533968
2222 501442 DZIELENIE 0
260892 55846 ODEJMOWANIE 333132
366245 639493 DODAWANIE 1005738
180817 321183 MNOZENIE 2240771663
596493 771615 MNOZENIE 701445523
212388 839340 DZIELENIE 0
781958 50026 MNOZENIE 463525244
888576 628206 DODAWANIE 1516782
516413 644239 ODEJMOWANIE 4294839470
824106 742505 DZIELENIE 1
93994 978384 MODULO 93994
890936 655322 MODULO 235614
583815 190226 ODEJMOWANIE 393589
27166 22570 ODEJMOWANIE 4596
235382 803059 MODULO 235382
458541 448251 DZIELENIE 1
975743 157270 ODEJMOWANIE 818473
466722 971751 DZIELENIE 0
920131 505386 DZIELENIE 1
62564 930133 DODAWANIE 992697
7597 841708 DZIELENIE 0
234396 749879 MNOZENIE 3969946244
465613 619235 MNOZENIE 82955
538149 564438 DODAWANIE 1102587
185672 505382 MNOZENIE 3640973488
154922 420992 MNOZENIE 796413184
296187 606415 MODULO 296187
338469 149624 MNOZENIE 3398445400
526762 928689 DODAWANIE 1455451
480584 31488 DODAWANIE 512072
646332 293206 MODULO 59920
260631 316986 DODAWANIE 577617
446693 935645 MNOZENIE 1334244273
234745 102934 MODULO 28877
477331 617400 MNOZENIE 2646383272
801637 208714 DODAWANIE 1010351
681645 969349 MODULO 681645
827080 691294 DODAWANIE 1518374
662745 780706 MODULO 662745
404156 883138 DODAWANIE 1287294
966687 330478 DZIELENIE 2
888467 61652 DZIELENIE 14
52387 91077 MODULO 52387
611054 851371 DODAWANIE 1462425
317296 114921 DZIELENIE 2
273534 358847 MNOZENIE 3667574786
448584 837896 DODAWANIE 1286480
172179 863330 MNOZENIE 2618408006
743797 669814 DZIELENIE 1
955269 708316 DODAWANIE 1663585
20210 644838 ODEJMOWANIE 4294342668
291362 597489 MNOZENIE 289697
337898 559546 ODEJMOWANIE 4294745648
182682 901320 MODULO 182682
344040 696686 MODULO 344040
788993 757054 DZIELENIE 1
875238 734413 MNOZENIE 2836038190
118068 23264 DZIELENIE 5
440127 531480 MNOZENIE 1990463976
643532 189882 DZIELENIE 693927
667006 388703 MODULO 278303
606212 522500 DODAWANIE 1128712
133943 396759 DZIELENIE 0
74806 266656 ODEJMOWANIE 4294775446
719152 365275 MNOZENIE 695241744
249993 873985 DODAWANIE 1123978
718422 62007 ODEJMOWANIE 656415
203980 526375 DZIELENIE 802974
89419 167935 MNOZENIE 624382
612685 688073 MNOZENIE 665210997
398152 961275 MODULO 541390
610533 806527 MNOZENIE 793481
12060 287718 DZIELENIE 460885
851754 727457 MNOZENIE 1139118954
368982 833671 MNOZENIE 2666914906
310510 665664 DZIELENIE 0
650914 772082 DZIELENIE 0
635642 168484 DODAWANIE 804126
386653 520971 DODAWANIE 907624
631832 788050 MNOZENIE 3993968560
550659 501819 MNOZENIE 1453241777
515839 607323 ODEJMOWANIE 4294875812
429160 418668 ODEJMOWANIE 10492
348161 667679 ODEJMOWANIE 4294647778
209378 571004 ODEJMOWANIE 4294605670
308393 95145 DZIELENIE 3
602816 711139 MODULO 602816
687153 707238 DZIELENIE 0
211810 482025 MNOZENIE 3313467442
496905 782767 DODAWANIE 1279672
166836 152339 MNOZENIE 3940792924
997955 374235 DODAWANIE 1372190
582413 654731 DZIELENIE 215523
281564 514147 DZIELENIE 0
36291 843278 DZIELENIE 24218
515588 949853 DZIELENIE 0
857185 514508 MODULO 342677
435542 414503 ODEJMOWANIE 21039
485290 250360 DZIELENIE 1
279464 435194 ODEJMOWANIE 4294811566
578541 836767 MNOZENIE 3067679795
333022 929629 ODEJMOWANIE 4294370689
51696 303519 MODULO 51696
864428 328910 MODULO 206608
236384 473841 MNOZENIE 339281248
360118 136602 DODAWANIE 728523
750320 743386 DZIELENIE 153073
22126 632662 DODAWANIE 654788
898663 45860 DODAWANIE 944523
750819 365413 DZIELENIE 871617
934380 329941 DZIELENIE 2
191558 124619 MODULO 66939
708623 190923 MODULO 135854
973792 700044 MODULO 98548
77963 228371 DZIELENIE 0
158675 133367 MODULO 485336
977309 438308 DZIELENIE 2
56707 548568 ODEJMOWANIE 4294475435
284459 977320 DODAWANIE 1261779
467306 37058 MODULO 22610
839596 311570 MODULO 216456
390260 356374 ODEJMOWANIE 33886
463205 430041 MODULO 33164
893427 776065 ODEJMOWANIE 117362
859089 355101 DZIELENIE 375623
574128 472741 ODEJMOWANIE 101387
751898 331232 DZIELENIE 2
173257 729544 MNOZENIE 1844553224
854606 519951 DODAWANIE 4151
583020 407069 MODULO 175951
289951 133567 DODAWANIE 423518
53572 476760 MNOZENIE 4066150240
611643 321997 MODULO 289646
338162 760502 MNOZENIE 611646
619459 604874 ODEJMOWANIE 14585
334690 80322 MNOZENIE 1113166404
97320 414994 DZIELENIE 0
564343 398829 ODEJMOWANIE 165514
850360 455069 MODULO 395291
256524 263199 MNOZENIE 461648
373254 72209 MODULO 12209
474057 349158 DZIELENIE 1
893471 581011 DZIELENIE 1
548302 771445 MODULO 548302
503186 59246 MODULO 283849
16048 697776 DODAWANIE 713824
368490 32995 MNOZENIE 3568392958
561246 578310 DZIELENIE 0
538546 363175 DZIELENIE 752842
222671 137937 ODEJMOWANIE 84734
406447 525447 DZIELENIE 0
896390 150143 MODULO 145675
152099 653902 DZIELENIE 0
14990 783437 ODEJMOWANIE 4294198849
402437 612355 DZIELENIE 0
805388 383825 MNOZENIE 4185371084
649242 200961 DZIELENIE 3
684134 565208 MNOZENIE 130953232
683334 807708 ODEJMOWANIE 4294842922
33564 333696 ODEJMOWANIE 4294667164
968385 513168 MODULO 455217
201157 389200 MODULO 201157
690317 714215 DODAWANIE 304524
335710 450721 MODULO 335710
466652 348887 MNOZENIE 3895026372
658952 791365 DZIELENIE 0
396984 28719 DZIELENIE 13
158777 210108 ODEJMOWANIE 4294915965
929248 35955 DZIELENIE 25
212863 134296 DZIELENIE 1
551691 646066 DZIELENIE 0
435673 734506 MODULO 212896
269122 240652 DZIELENIE 1
963303 929514 MODULO 33789
306037 560372 DODAWANIE 866409
265575 321975 MODULO 265575
396804 266740 MNOZENIE 2764283856
478720 897902 ODEJMOWANIE 711002
336749 710915 MNOZENIE 3176714055
469459 429683 DZIELENIE 1
30122 354922 DZIELENIE 0
855848 904963 DODAWANIE 163170
931058 569959 DZIELENIE 1
167891 167596 DZIELENIE 1
557673 511723 MODULO 45950
38970 19621 DZIELENIE 1
731700 864866 MNOZENIE 1462259688
46874 258439 MODULO 46874
776878 380518 MNOZENIE 799482
863031 438186 MODULO 424845
801041 302161 MODULO 637209
26520 747055 MNOZENIE 2632029416
237349 738433 MNOZENIE 3467642277
791069 212246 DZIELENIE 3
174709 364922 DZIELENIE 0
79097 921841 DZIELENIE 479895
379818 339176 MNOZENIE 4271098384
170120 380654 ODEJMOWANIE 4294756762
335851 675016 DZIELENIE 0
187944 560592 ODEJMOWANIE 4294594648
243386 488887 ODEJMOWANIE 4294721795
577824 242576 DZIELENIE 2
93607 873827 MODULO 93607
214611 724503 ODEJMOWANIE 4294457404
232935 424376 DODAWANIE 657311
262438 44789 MNOZENIE 5742
921144 570864 MODULO 350280
499573 378580 ODEJMOWANIE 120993
509723 738729 MODULO 509723
295425 502850 MODULO 295425
900531 963503 MNOZENIE 80926301
756230 556689 DZIELENIE 1
470414 947454 MODULO 470414
231710 191570 MNOZENIE 1439011740
485396 882631 DODAWANIE 1368027
64837 516210 DZIELENIE 0
426430 989032 MODULO 426430
632968 885848 ODEJMOWANIE 4294714416
44586 253611 ODEJMOWANIE 4294758271
853920 771637 DODAWANIE 1625557
58286 954613 DZIELENIE 197105
368059 505925 ODEJMOWANIE 4294829430
786721 264898 ODEJMOWANIE 521823
289677 514129 ODEJMOWANIE 4294742844
992553 814969 DZIELENIE 1
102400 528015 DZIELENIE 0
481375 393202 DZIELENIE 1
965376 67203 DODAWANIE 1032579
603027 657558 DZIELENIE 0
745141 167372 MNOZENIE 161687868
623855 453155 ODEJMOWANIE 170700
754546 379653 DZIELENIE 507959
281756 780495 MNOZENIE 865817124
393629 628388 MNOZENIE 2538604180
137026 921887 DZIELENIE 0
276063 618134 MODULO 276063
161394 713171 DODAWANIE 874565
825914 547607 MODULO 278307
449119 996090 MNOZENIE 686345926
176619 477079 DODAWANIE 653698
993719 145223 DZIELENIE 6
928898 187374 DZIELENIE 250772
808396 616015 ODEJMOWANIE 192381
854037 217777 DZIELENIE 3
739617 640721 DODAWANIE 1380338
69799 916603 DZIELENIE 0
780077 688830 MODULO 91247
782739 633995 DZIELENIE 1
821513 279626 DODAWANIE 1101139
405026 274900 MODULO 130126
899657 44978 ODEJMOWANIE 854679
338128 342029 DZIELENIE 0
853661 550015 MODULO 303646
89645 898763 MODULO 89645
745602 128602 DZIELENIE 5
109967 878060 MODULO 109967
142642 308171 MNOZENIE 1008454822
674767 178861 MODULO 138184
244159 589444 ODEJMOWANIE 4294622011
436748 141321 ODEJMOWANIE 295427
412890 67628 ODEJMOWANIE 345262
789299 662754 ODEJMOWANIE 126545
717289 507990 MNOZENIE 3598386246
793739 820835 MNOZENIE 2988690369
563793 551950 DZIELENIE 1
211788 59886 ODEJMOWANIE 151902
963679 199194 ODEJMOWANIE 764485
257909 421669 MNOZENIE 1378047721
828777 742964 ODEJMOWANIE 85813
628622 759202 DODAWANIE 1387824
69385 722165 ODEJMOWANIE 4294314516
700291 373463 DZIELENIE 1
290393 785131 MODULO 290393
175225 282233 DZIELENIE 0
964972 689803 DODAWANIE 1654775
317389 824946 ODEJMOWANIE 4294459739
762333 580049 DZIELENIE 1
605280 281779 MNOZENIE 3051468576
346565 518158 MODULO 346565
867404 102068 DODAWANIE 907069
682518 705602 DODAWANIE 1388120
745618 99813 MODULO 135510
141573 404440 ODEJMOWANIE 4294704429
67108 840645 DODAWANIE 907753
4076 728608 DODAWANIE 732684
73610 534543 MODULO 871647
86624 209130 DODAWANIE 295754
111057 929154 DODAWANIE 1040211
442855 117330 DZIELENIE 3
466819 635627 MODULO 466819
615099 50725 MNOZENIE 1136125703
668209 309659 DZIELENIE 2
981507 419198 DZIELENIE 2
345372 519974 MODULO 345372
530348 159839 ODEJMOWANIE 370509
389235 267213 MODULO 122022
996618 820950 DODAWANIE 1817568
165349 230225 ODEJMOWANIE 4294902420
414595 97444 DZIELENIE 100967
130227 896415 DZIELENIE 0
659414 466928 DODAWANIE 1126342
928576 951428 DZIELENIE 590811
733452 108275 DODAWANIE 841727
106408 877849 MODULO 106408
603286 703073 DZIELENIE 0
381386 250509 MODULO 130877
650630 232560 ODEJMOWANIE 37623
656799 690204 DODAWANIE 1347003
237915 203960 ODEJMOWANIE 33955
633972 697660 MNOZENIE 4210241328
198199 285171 DODAWANIE 483370
451409 729074 DZIELENIE 0
678892 484145 ODEJMOWANIE 194747
120944 156733 ODEJMOWANIE 4294931507
787215 720696 ODEJMOWANIE 66519
895868 114511 DODAWANIE 1010379
279252 592164 MNOZENIE 2154224080
568409 402736 DODAWANIE 971145
527320 199337 DZIELENIE 2
449970 916178 DZIELENIE 0
8169 85786 MNOZENIE 700785834
541037 923661 MODULO 541037
721728 646107 DZIELENIE 1
473838 417298 MODULO 56540
137417 506917 DODAWANIE 659789
381865 335615 DZIELENIE 1
335399 164414 MNOZENIE 3604683634
253326 836539 DZIELENIE 0
660606 999785 ODEJMOWANIE 4294628117
907638 474558 MODULO 433080
170385 564388 ODEJMOWANIE 4294573293
118112 768351 DZIELENIE 0
544189 113998 MNOZENIE 1906915478
701218 61434 DZIELENIE 11
929302 237222 DODAWANIE 1166524
311933 868348 DZIELENIE 404431
254059 104446 DODAWANIE 358505
812664 164871 ODEJMOWANIE 647793
416656 814709 MNOZENIE 187618
108367 459514 ODEJMOWANIE 4294616149
